1557.0
1371.0
938.0
1379.0
1513.0
1287.0
969.0
1283.0
1442.0
1127.0
966.0
1490.0
1452.0
1456.0
947.0
1267.0
1546.0
1161.0
942.0
1110.0
1407.0
982.0
909.0
1209.0
1065.0
1045.0
954.0
1098.0
1260.0
997.0
893.0
1027.0
1240.0
1048.0
1005.0
1099.0
1168.0
1021.0
935.0
1071.0
1210.0
1293.0
983.0
1114.0
1012.0
888.0
946.0
971.0
1173.0
899.0
1054.0
1419.0
1236.0
1029.0
1038.0
1430.0
1312.0
1143.0
1154.0
1129.0
1529.0
1139.0
1067.0
1341.0
1491.0
1254.0
1041.0
1438.0
1483.0
1224.0
1074.0
1272.0
1153.0
989.0
840.0
835.0
1004.0
1040.0
893.0
1124.0
1020.0
1442.0
1047.0
1079.0
1122.0
1195.0
1036.0
1105.0
1392.0
1765.0
1209.0
1242.0
1196.0
1529.0
1167.0
997.0
1097.0
1167.0
1664.0
1297.0
1206.0
1362.0
1480.0
1425.0
875.0
1110.0
1124.0
1167.0
866.0
1004.0
1269.0
1031.0
1147.0
1048.0
1467.0
1065.0
1280.0
1152.0
1377.0
830.0
1060.0
1167.0
1198.0
898.0
948.0
885.0
1008.0
1059.0
972.0
851.0
1205.0
984.0
871.0
1213.0
1028.0
1063.0
924.0
1021.0
1242.0
913.0
1009.0
1029.0
1153.0
914.0
1022.0
1244.0
1443.0
1069.0
980.0
1192.0
1379.0
1164.0
1086.0
1218.0
1401.0
1045.0
998.0
1234.0
1419.0
1424.0
986.0
1259.0
1409.0
1507.0
886.0
1030.0
1070.0
906.0
864.0
871.0
997.0
859.0
798.0
1047.0
1321.0
-200.0
-200.0
1099.0
1131.0
912.0
1096.0
1074.0
988.0
890.0
1126.0
1022.0
1086.0
797.0
821.0
847.0
785.0
888.0
915.0
1000.0
886.0
915.0
1085.0
1100.0
1064.0
936.0
1032.0
1048.0
1081.0
966.0
1037.0
1225.0
1013.0
872.0
1116.0
1091.0
1038.0
825.0
1101.0
-200.0
-200.0
-200.0
-200.0
-200.0
1127.0
833.0
939.0
1089.0
991.0
901.0
1103.0
1255.0
1050.0
956.0
1251.0
1372.0
1199.0
1009.0
1193.0
1506.0
1109.0
948.0
1199.0
1236.0
1171.0
993.0
1160.0
1065.0
1131.0
914.0
977.0
929.0
1217.0
899.0
936.0
854.0
1025.0
879.0
1076.0
1328.0
1078.0
1077.0
1301.0
1298.0
1112.0
1072.0
1119.0
1348.0
1069.0
990.0
1070.0
1440.0
1347.0
1020.0
995.0
970.0
1118.0
872.0
855.0
859.0
1088.0
795.0
827.0
877.0
954.0
1004.0
1024.0
1086.0
945.0
873.0
986.0
1125.0
927.0
960.0
949.0
1109.0
1038.0
879.0
1084.0
1124.0
981.0
836.0
1014.0
1190.0
1074.0
865.0
1019.0
1046.0
1136.0
935.0
930.0
982.0
976.0
1044.0
1173.0
1323.0
1068.0
1138.0
1194.0
1209.0
1053.0
921.0
975.0
1012.0
1033.0
940.0
918.0
892.0
984.0
835.0
914.0
964.0
878.0
772.0
875.0
831.0
841.0
865.0
892.0
944.0
959.0
929.0
968.0
925.0
965.0
942.0
1029.0
1464.0
962.0
1047.0
1152.0
1427.0
1037.0
961.0
1233.0
1446.0
969.0
1062.0
1376.0
1120.0
835.0
744.0
857.0
926.0
1067.0
768.0
846.0
990.0
998.0
988.0
917.0
1119.0
840.0
875.0
1224.0
1432.0
929.0
852.0
1286.0
1440.0
947.0
1051.0
1158.0
1673.0
1176.0
1124.0
1474.0
1629.0
1232.0
1066.0
1908.0
1135.0
1164.0
1214.0
1247.0
861.0
1055.0
1139.0
1463.0
926.0
1069.0
1523.0
1353.0
1123.0
989.0
1327.0
1440.0
1076.0
791.0
1117.0
1571.0
1353.0
1061.0
1285.0
1472.0
1122.0
804.0
1426.0
1751.0
936.0
890.0
1305.0
1333.0
1043.0
897.0
1305.0
1882.0
1061.0
862.0
1354.0
1774.0
1033.0
889.0
1391.0
1346.0
1072.0
757.0
838.0
1024.0
847.0
720.0
827.0
1341.0
858.0
780.0
1007.0
1236.0
844.0
778.0
982.0
1129.0
974.0
845.0
1248.0
1802.0
1119.0
996.0
1448.0
1374.0
1071.0
870.0
1203.0
1521.0
683.0
729.0
852.0
1252.0
1187.0
858.0
1067.0
1197.0
970.0
897.0
1255.0
1738.0
1285.0
1126.0
1590.0
1982.0
1439.0
953.0
1103.0
1562.0
1311.0
1016.0
1087.0
1368.0
1152.0
974.0
1439.0
1956.0
1499.0
1197.0
1524.0
1603.0
1250.0
848.0
1089.0
1218.0
1203.0
1018.0
1551.0
1161.0
1032.0
879.0
1120.0
1362.0
1039.0
927.0
1309.0
1547.0
1076.0
919.0
1245.0
1707.0
1289.0
988.0
1280.0
1482.0
1257.0
1034.0
1175.0
1215.0
1096.0
797.0
1013.0
1120.0
857.0
913.0
1171.0
1237.0
966.0
886.0
1357.0
1202.0
1092.0
923.0
1202.0
1177.0
1054.0
814.0
962.0
1045.0
814.0
734.0
884.0
1073.0
857.0
909.0
1095.0
1006.0
1216.0
975.0
1148.0
1604.0
1133.0
921.0
1293.0
1881.0
1071.0
964.0
1377.0
-200.0
-200.0
-200.0
-200.0
-200.0
-200.0
1228.0
1630.0
1412.0
1166.0
1419.0
1514.0
1505.0
1251.0
1458.0
1651.0
1271.0
848.0
1124.0
1286.0
1178.0
862.0
1062.0
1138.0
987.0
885.0
1111.0
1215.0
982.0
1366.0
1205.0
1047.0
1363.0
1419.0
1208.0
1095.0
1383.0
1461.0
1232.0
937.0
1270.0
1523.0
1183.0
989.0
1240.0
1500.0
1111.0
957.0
1196.0
1361.0
1289.0
951.0
831.0
899.0
916.0
874.0
1149.0
1683.0
1039.0
950.0
1488.0
1604.0
1197.0
840.0
889.0
1021.0
937.0
898.0
1135.0
1445.0
1082.0
1206.0
1522.0
1434.0
1535.0
1288.0
1432.0
987.0
1166.0
859.0
1124.0
1078.0
1086.0
845.0
971.0
814.0
1112.0
1414.0
1038.0
1024.0
1507.0
1268.0
1059.0
1069.0
1281.0
1253.0
1032.0
937.0
1205.0
1713.0
1083.0
989.0
1056.0
1096.0
1041.0
1047.0
909.0
926.0
963.0
838.0
968.0
925.0
902.0
900.0
973.0
1067.0
915.0
918.0
1064.0
-200.0
-200.0
-200.0
-200.0
-200.0
-200.0
1011.0
1172.0
975.0
904.0
997.0
1182.0
1156.0
911.0
1122.0
1110.0
1222.0
918.0
1023.0
1033.0
1009.0
949.0
1132.0
1177.0
931.0
987.0
1123.0
1146.0
1011.0
860.0
992.0
1167.0
1018.0
968.0
1060.0
1405.0
1181.0
998.0
1021.0
1148.0
1153.0
904.0
959.0
987.0
1256.0
914.0
955.0
905.0
947.0
779.0
805.0
922.0
766.0
735.0
783.0
882.0
790.0
831.0
905.0
1148.0
1047.0
1160.0
1129.0
1437.0
1213.0
1023.0
1330.0
1253.0
1100.0
993.0
968.0
1116.0
1201.0
842.0
899.0
1069.0
935.0
862.0
896.0
1035.0
988.0
927.0
959.0
1192.0
1066.0
979.0
1249.0
1434.0
1135.0
984.0
1223.0
1145.0
1039.0
928.0
1203.0
1254.0
1189.0
972.0
1131.0
1153.0
1017.0
887.0
1387.0
1217.0
1056.0
1103.0
1103.0
1533.0
1095.0
981.0
1197.0
1413.0
1108.0
977.0
1310.0
1315.0
1144.0
953.0
1269.0
1300.0
1101.0
960.0
1250.0
1343.0
1206.0
959.0
1242.0
1223.0
1200.0
934.0
1083.0
1167.0
1107.0
1003.0
1176.0
1512.0
1078.0
939.0
1350.0
1448.0
1154.0
1050.0
1169.0
1463.0
1251.0
949.0
1611.0
1359.0
1320.0
980.0
1367.0
1619.0
1372.0
1121.0
1243.0
1205.0
1166.0
986.0
1182.0
1153.0
1106.0
933.0
1097.0
1293.0
1078.0
1031.0
1202.0
1331.0
1024.0
948.0
1136.0
1304.0
1013.0
1068.0
980.0
1084.0
848.0
901.0
925.0
928.0
965.0
884.0
867.0
947.0
929.0
848.0
996.0
1015.0
1012.0
1031.0
1142.0
