2D_forecasting_lstm_CO(GT)_ricker_8_['CO(GT)', 'PT08.S1(CO)', 'C6H6(GT)', 'PT08.S2(NMHC)', 'NOx(GT)', 'PT08.S3(NOx)', 'NO2(GT)', 'PT08.S4(NO2)', 'PT08.S5(O3)', 'T', 'RH', 'AH']

loss_train: [0.33093721113907987]

loss_eval: [1.0202056169509888]

loss_test: [0.8613589406013489]

rel_err_train [0.33941180813006866]

rel_err_eval: [0.4715716540813446]

rel_err_test: [0.43574491143226624]

ret dict:
{'losses': {'loss_train': [7.33252887848096, 7.120014490225376, 6.912082855518047, 6.703775198031694, 6.499574554272187, 6.2861547867457075, 6.079733940271231, 5.8669274525764665, 5.663193800510505, 5.4694700455054255, 5.272354835119003, 5.0855105351179075, 4.900980903552129, 4.736294984817505, 4.579745158171042, 4.426695912312239, 4.292827560351445, 4.1551318902235765, 4.037560964242006, 3.9224741061528525, 3.8052506691370254, 3.6976564801656284, 3.5968369780442653, 3.4992845302973037, 3.4106423365764127, 3.3249521943239064, 3.2485754230083566, 3.161161849131951, 3.085498970288497, 3.0137682205591445, 2.942987466469789, 2.887795017315791, 2.813552118264712, 2.7377997101881566, 2.6986847879030766, 2.622461809561803, 2.5770987470944724, 2.5334513378448977, 2.487341209099843, 2.4286183508542867, 2.391938869769757, 2.3271851050548062, 2.295889598436845, 2.2403091421494117, 2.208101449868618, 2.162153733846469, 2.141901438052838, 2.1070909079832907, 2.0559329298826365, 2.0123193798921046, 1.9810025195280712, 1.9636049683277423, 1.916397539468912, 1.8930520124924488, 1.8547125970705962, 1.843358922463197, 1.8108507157900395, 1.7784223480102344, 1.7600354277170622, 1.7424205373495052, 1.6989012773220356, 1.6873523424833248, 1.6687229390327747, 1.6413721319956658, 1.6141693248198583, 1.603246373243821, 1.5801345178714166, 1.5699513799104936, 1.5287243884343367, 1.5505690223131425, 1.4999470550280352, 1.4974776758597448, 1.474901332305028, 1.4725811038261805, 1.4617499693846092, 1.4434878902557569, 1.4359925733162806, 1.3990717835915394, 1.4043683463182204, 1.4096682178668487, 1.375882190771592, 1.3346261771825643, 1.3501360148955615, 1.3241472465869708, 1.3260076237030518, 1.2926293894266472, 1.2949112057685852, 1.3098711600670447, 1.252869141407502, 1.273050728516701, 1.257644989551642, 1.2260222343298106, 1.241906891266505, 1.2137582982197785, 1.209088792403539, 1.1960439414550097, 1.2029032951746232, 1.1910461225570776, 1.162282372896488, 1.1762001193486726, 1.1405256875814536, 1.149584276553912, 1.1408623884885738, 1.150335395947481, 1.14149804910024, 1.1257528991271288, 1.1124544281225939, 1.1173448639038281, 1.100954612860313, 1.0918697806505056, 1.084177118845475, 1.0882564385732014, 1.0770311462573516, 1.0705330559076407, 1.0596811725543096, 1.0465559646105156, 1.0528148680161207, 1.0537635661088502, 1.0328324062701983, 1.0382188268196888, 1.0305350067523809, 0.983455071846644, 1.0208306702283712, 1.0078114370505016, 1.0060919160262132, 0.9721323534464225, 0.9970488525353945, 0.9703963910922025, 0.9806882601517898, 0.9808779878494067, 0.9917761859221336, 0.9591205846040677, 0.9524704951506394, 0.9501423308482537, 0.9424052777198645, 0.9125863856230026, 0.9215366809796064, 0.9197485798444504, 0.9086608156943933, 0.880038185761525, 0.8973215780197046, 0.9307423417384808, 0.931877035743151, 0.917043366493323, 0.9000186190391198, 0.9110117730421897, 0.8806856878292866, 0.8452782607995547, 0.8681869747547003, 0.8282314214186791, 0.8988988938239905, 0.8707720813078758, 0.8439309081205955, 0.870529653934332, 0.8690165720688992, 0.8468231994372147, 0.8548197333629315, 0.857513292477681, 0.8364435208913608, 0.8462222642623461, 0.8507771255114139, 0.832125091017821, 0.8110803847129529, 0.8297244340945513, 0.8272491575051577, 0.7871199089747208, 0.8066218147675196, 0.8014634255415354, 0.8167296690054429, 0.7959680396776933, 0.8171375860006381, 0.7960686053221042, 0.7992174743841856, 0.7713147856486149, 0.7770110265566752, 0.7706901874297705, 0.7826010386149088, 0.7922426351369956, 0.7724161545435587, 0.7738115577361523, 0.7651282464846586, 0.7796510037703391, 0.762422325137334, 0.751394733786583, 0.7709332280434095, 0.7453283671385202, 0.7487920656418189, 0.7396451456424518, 0.7446993367794232, 0.7224415513949517, 0.7215329710489664, 0.7597996668937879, 0.7386209254081433, 0.7311124140635515, 0.7421456434023685, 0.7289793281218945, 0.7148419152467679, 0.728300324235207, 0.7235239312434808, 0.6915506865733709, 0.6857122136996343, 0.7267757661831684, 0.7003972071867722, 0.7152684800899946, 0.7295528210890598, 0.7094571663018985, 0.6995959377441651, 0.7111035669461275, 0.6764359115025936, 0.7179364286936246, 0.670396755139033, 0.6770859406544611, 0.688986022120867, 0.6806032164738729, 0.6840447668845837, 0.6606285002751228, 0.6843671183555554, 0.6686246696955118, 0.6997139568512256, 0.6589436894043897, 0.6594015126809095, 0.6570983605507092, 0.674602440916575, 0.6495440208759063, 0.6658121874699225, 0.6577066695078825, 0.6889247623009559, 0.650966784892938, 0.6606083733913226, 0.633602425073966, 0.6364587331429507, 0.617999269412114, 0.6226435292225617, 0.6398101422267083, 0.6460133401247171, 0.6390972718214377, 0.6408099035422007, 0.65636384448944, 0.6203702046320989, 0.6068385419173118, 0.6446183419380432, 0.6232894227290765, 0.6237434183175747, 0.6323151959058566, 0.6149772363595474, 0.6224290564274176, 0.6210805789018289, 0.6124250220182614, 0.5967050190919485, 0.6210866108154639, 0.6240307539701462, 0.6075699046636239, 0.6038434971601535, 0.5929082754330758, 0.5872052980539126, 0.5803605474722691, 0.5979570624155875, 0.5617594369328939, 0.6084603655796784, 0.5846444100905688, 0.604170968517279, 0.5937154017961942, 0.5558328368724921, 0.604258072299835, 0.5685509534982535, 0.5999722045201522, 0.5884952889038966, 0.579941084369635, 0.5877578510687902, 0.5762752134066361, 0.5903189915877122, 0.5671996630919285, 0.5598214379487894, 0.5766385530049984, 0.5561428257288077, 0.5660089137844551, 0.5660105328529309, 0.560834831916369, 0.5362312312309558, 0.5547678883259113, 0.5460558621547161, 0.5664436354851111, 0.5688728663401726, 0.5514695606170557, 0.5353279400330323, 0.5598661456352625, 0.5624664842318265, 0.5506224911182355, 0.5585820902234468, 0.5465961243861761, 0.5246045719354581, 0.5297741836462265, 0.5144338368987426, 0.5053233118393482, 0.5177785051174653, 0.5604657500218122, 0.5238841642171909, 0.5286067055586057, 0.5066185127466153, 0.5362296818922727, 0.5392919891537764, 0.5506394979281303, 0.5444910373443212, 0.5083005649921222, 0.5541218270858129, 0.5133470608255802, 0.5312242284417152, 0.5407782517946683, 0.5224866805932461, 0.5495718878049117, 0.49768792685025776, 0.49567085084242696, 0.49666180461645126, 0.49766857807452863, 0.5313194753267826, 0.496286086164988, 0.48632225738121915, 0.5142848529876807, 0.48088090656659543, 0.5180246253044177, 0.5008514456641979, 0.4874014598436845, 0.5060374240080515, 0.4933238270191046, 0.4676052364401328, 0.4960639002995613, 0.514321461893045, 0.49515132720653826, 0.4966457233979152, 0.5107911244416848, 0.4802252986492255, 0.4866706832097127, 0.4837171710454501, 0.5116920438714516, 0.48516196413682056, 0.4836816596679198, 0.49397837733611083, 0.46459825852742564, 0.4751597482424516, 0.4781723880232909, 0.4464286672763335, 0.47495556011413914, 0.47626704913683426, 0.4838909449485632, 0.4693161067672265, 0.4626996222978983, 0.47738850307770264, 0.4691316347855788, 0.45831271623953795, 0.4713348496036652, 0.46642718062951016, 0.4613442356005693, 0.45317996713595515, 0.48495983618956345, 0.46136670960829806, 0.45448680489491194, 0.45762591025768184, 0.4692931033861943, 0.46272059644644076, 0.46985496828953427, 0.42973103737219787, 0.45902834565211564, 0.4460279689385341, 0.4362133842630264, 0.4333596134032959, 0.4487570285415038, 0.4636977534645643, 0.43159359521590746, 0.4497757527308586, 0.44019933904592806, 0.43946760510786986, 0.4283685273466966, 0.43680955450504255, 0.44171113329820144, 0.43582193572551775, 0.4592209131671832, 0.44590714459235853, 0.41043426593144733, 0.42517528319970155, 0.41932163960658586, 0.42646993219088286, 0.4172135746249786, 0.4184598561662894, 0.44888934091879773, 0.41435672896794784, 0.4086718431267983, 0.4106594102504926, 0.4318738226325084, 0.42408325523138046, 0.4070810811259808, 0.43239444685287964, 0.44041807586565995, 0.41651309377107865, 0.38986883885585344, 0.4213181183888362, 0.4113632048933934, 0.38794747625405973, 0.4046906425784796, 0.42563487895024127, 0.4110735121827859, 0.40943605701128644, 0.4036066289513539, 0.391196058346675, 0.3963553412602498, 0.4217864616941183, 0.4185356031625699, 0.40696094185113907, 0.3985512743775661, 0.4002271416859749, 0.3885559120621437, 0.36516954444157773, 0.39494300213379735, 0.4014181437400671, 0.3835076941893651, 0.39537758017197633, 0.4068042192703638, 0.39439489253056353, 0.3819237530995638, 0.3830796474447617, 0.4234719903041155, 0.4016676657857039, 0.40019018680621415, 0.37982089339922637, 0.38806168754131365, 0.3843653400739034, 0.3907238243099971, 0.3682833428566272, 0.3538449343580466, 0.3981447397516324, 0.37477204547478604, 0.3867631843074774, 0.3998577145811839, 0.3871909494583423, 0.39598762396818554, 0.37511040365848786, 0.3814213224328481, 0.3689253129638158, 0.3757520915988164, 0.36936249545751476, 0.3879400547116231, 0.3630021703548921, 0.38645137502596927, 0.37708724653109527, 0.3585909767410694, 0.39309317389359844, 0.36463446303819996, 0.36497603891751706, 0.35907942133072096, 0.3560415684030606, 0.3575660865276288, 0.3819281378617653, 0.3628030178638605, 0.3593162057491449, 0.3848346213881786, 0.3708516924809187, 0.3761614822806456, 0.36669061332941055, 0.32923260445778185, 0.35576244214406383, 0.3555771943468314, 0.3622991391099416, 0.3651756558280725, 0.34719999994222933, 0.34684336338287747, 0.3665482866076323, 0.3510314233792134, 0.36347202765635955, 0.35457542844307727, 0.3618271379516675, 0.34977841014281297, 0.3556561309557695, 0.3479727770273502, 0.34649152633471364, 0.36433793432437456, 0.342060964459028, 0.3767003575578714, 0.35518042762310076, 0.33609539155776685, 0.31850719967713725, 0.3345326141287119, 0.3255820593390709, 0.33184525943719423, 0.3526359548171361, 0.3180487184570386, 0.3579085654555223, 0.3549755211824026, 0.35204018556918854, 0.3463975894145476, 0.32620947387738103, 0.34426413839444137, 0.31060110682096237, 0.35279437823173326, 0.331640199973033, 0.3359362483024597, 0.3344733537389682, 0.33274611907127577, 0.33019998039190585, 0.3437222395187769, 0.3334452246244137, 0.33093721113907987], 'loss_eval': [7.311118125915527, 7.19634485244751, 6.934078216552734, 6.802622318267822, 6.640334606170654, 6.3933916091918945, 6.090285301208496, 6.034543991088867, 5.90435266494751, 5.507561206817627, 5.373145580291748, 5.313587665557861, 5.152263164520264, 4.949392795562744, 4.655661106109619, 4.449434757232666, 4.496647357940674, 4.225222587585449, 4.094834327697754, 4.052322864532471, 3.922667980194092, 3.9300172328948975, 3.6859254837036133, 3.563018798828125, 3.4712650775909424, 3.4289424419403076, 3.247439384460449, 3.3791325092315674, 3.07946515083313, 3.082361936569214, 2.973148822784424, 2.9868264198303223, 2.8833391666412354, 2.8897671699523926, 2.7219090461730957, 2.6369450092315674, 2.6983940601348877, 2.6033310890197754, 2.4974522590637207, 2.4480221271514893, 2.4582645893096924, 2.3924896717071533, 2.288102865219116, 2.227048635482788, 2.312337636947632, 2.235354423522949, 2.182229518890381, 2.222158193588257, 2.0873568058013916, 2.191798448562622, 2.0731396675109863, 2.0779833793640137, 1.9767853021621704, 1.8935333490371704, 1.8574548959732056, 1.862235188484192, 1.8217133283615112, 1.9362632036209106, 1.796752691268921, 1.762150526046753, 1.7380943298339844, 1.7299613952636719, 1.641681432723999, 1.6660120487213135, 1.594140648841858, 1.6040713787078857, 1.597517728805542, 1.5976040363311768, 1.5275136232376099, 1.5590378046035767, 1.504808783531189, 1.4626563787460327, 1.479243516921997, 1.4247859716415405, 1.538893461227417, 1.4858520030975342, 1.4315627813339233, 1.430352807044983, 1.381028175354004, 1.4465467929840088, 1.4188759326934814, 1.3720366954803467, 1.3243728876113892, 1.335451602935791, 1.3230749368667603, 1.327532410621643, 1.2763162851333618, 1.4052706956863403, 1.2832857370376587, 1.2510877847671509, 1.2500587701797485, 1.2738149166107178, 1.2916713953018188, 1.209105134010315, 1.2129465341567993, 1.203113079071045, 1.2192147970199585, 1.2088054418563843, 1.195164442062378, 1.1905477046966553, 1.1790300607681274, 1.147684931755066, 1.1897366046905518, 1.227446436882019, 1.1627050638198853, 1.156402826309204, 1.1110891103744507, 1.1168495416641235, 1.0942630767822266, 1.101488709449768, 1.2094467878341675, 1.1701282262802124, 1.1232669353485107, 1.1724954843521118, 1.0785309076309204, 1.1078835725784302, 1.1089258193969727, 1.0280705690383911, 1.0203261375427246, 1.0462512969970703, 1.0364757776260376, 1.0235066413879395, 1.0318673849105835, 1.0165399312973022, 1.0372122526168823, 1.0099612474441528, 0.9833468198776245, 1.0126283168792725, 1.0096811056137085, 1.0353704690933228, 1.0286123752593994, 1.0247148275375366, 0.9668799638748169, 0.9576056599617004, 0.980173647403717, 1.0056692361831665, 0.9702584147453308, 0.9494669437408447, 0.9735720157623291, 0.9355491995811462, 0.9654518961906433, 0.9564117789268494, 1.0269328355789185, 0.9729851484298706, 0.9834566116333008, 0.9481634497642517, 0.9489996433258057, 0.9566296339035034, 0.9777384996414185, 0.9147225618362427, 0.9252762198448181, 0.9042978286743164, 0.9827917814254761, 0.9094617962837219, 0.9160919189453125, 0.9800686240196228, 0.8998153805732727, 0.9167054295539856, 0.952893078327179, 0.906876266002655, 0.9182255268096924, 0.8905693888664246, 0.9024276733398438, 0.9077368974685669, 0.8782927989959717, 0.8943813443183899, 0.9508217573165894, 0.933430552482605, 0.9028610587120056, 0.9294372200965881, 0.9210179448127747, 0.8876027464866638, 0.8726972341537476, 0.8728672862052917, 0.8838130831718445, 0.9106678366661072, 0.8849369883537292, 0.8691512942314148, 0.9445081353187561, 0.8776736855506897, 0.92153000831604, 0.890430748462677, 0.9370099306106567, 0.8876484036445618, 0.8766178488731384, 0.9179828763008118, 0.8497632145881653, 0.90083247423172, 0.8803954124450684, 0.9189121723175049, 0.9016979932785034, 0.9168270230293274, 0.8863487243652344, 0.8543709516525269, 0.9021185636520386, 0.9009154438972473, 0.9272274374961853, 0.9031100869178772, 0.8712045550346375, 0.8821196556091309, 0.863547146320343, 0.8772785663604736, 0.8876563906669617, 0.8860602974891663, 0.8665269017219543, 0.8915943503379822, 0.8938489556312561, 0.8685129880905151, 0.8416405916213989, 0.9050539135932922, 0.9415780305862427, 0.8550875782966614, 0.9242462515830994, 0.8846953511238098, 0.8769609332084656, 0.94858318567276, 0.8666518330574036, 0.9047324061393738, 0.8844998478889465, 0.8861072063446045, 0.8981000185012817, 0.9023035764694214, 0.8840706944465637, 0.9499017000198364, 0.9560755491256714, 0.9087348580360413, 0.9065649509429932, 0.8420603275299072, 0.9110835194587708, 0.9141563773155212, 0.8953604102134705, 0.8704622387886047, 0.8971424102783203, 0.891311764717102, 0.8851984739303589, 0.8879815936088562, 0.8453992009162903, 0.851690948009491, 0.8686290979385376, 0.893406331539154, 0.8913633823394775, 0.8990694880485535, 0.919107973575592, 0.8725184202194214, 0.9045287370681763, 0.8937315344810486, 0.8488121628761292, 0.8968750834465027, 0.8944215774536133, 0.8326103687286377, 0.8287859559059143, 0.8496481776237488, 0.8456450700759888, 0.8781920075416565, 0.9006993174552917, 0.8929741978645325, 0.8994600772857666, 0.8599355816841125, 0.9113188982009888, 0.9394850134849548, 0.9024291634559631, 0.8734310269355774, 0.8941612243652344, 0.901215136051178, 0.8950343728065491, 0.8640165328979492, 0.9097258448600769, 0.8850257396697998, 0.9382179975509644, 0.877426028251648, 0.8650910258293152, 0.9399849772453308, 0.8770835399627686, 0.8823443055152893, 0.8714607357978821, 0.8792123794555664, 0.8739189505577087, 0.8976528644561768, 0.9244421124458313, 0.9398640394210815, 0.9010413289070129, 0.9173806309700012, 0.8971413373947144, 0.9004519581794739, 0.8753977417945862, 0.8850608468055725, 0.9203951358795166, 0.9139320850372314, 0.8973214030265808, 0.9211850762367249, 0.8872621059417725, 0.8697420358657837, 0.8854773640632629, 0.8612988591194153, 0.8858159184455872, 0.9460307359695435, 0.8952136635780334, 0.8676695823669434, 0.9252027869224548, 0.8960345387458801, 0.9779637455940247, 0.8818686604499817, 0.8995401859283447, 0.8650102615356445, 0.9182754158973694, 0.9082817435264587, 0.8968080878257751, 0.8783847093582153, 0.9473435282707214, 0.9124622344970703, 0.905762791633606, 0.9194912314414978, 0.9098179936408997, 0.8708332180976868, 0.915259063243866, 0.9057215452194214, 0.887549877166748, 0.908437192440033, 0.8825985193252563, 0.9180744886398315, 0.8896925449371338, 0.8906019330024719, 0.9079924821853638, 0.90458744764328, 0.8898932337760925, 0.8770924806594849, 0.8851416110992432, 0.9133434295654297, 0.9622246623039246, 0.9407684803009033, 0.9410060048103333, 0.8912876844406128, 0.9581471681594849, 0.9384400248527527, 0.8943016529083252, 0.9718875885009766, 0.9136534929275513, 0.9160965085029602, 0.9082663655281067, 0.908879816532135, 0.9343143105506897, 0.9325046539306641, 0.9063721895217896, 0.9825196862220764, 0.9482653141021729, 0.9484966993331909, 0.8999290466308594, 0.9190406799316406, 0.9169784188270569, 0.9396165013313293, 0.9190409183502197, 0.9443092346191406, 0.9383230209350586, 0.9765040278434753, 0.9394758343696594, 0.9921887516975403, 0.8922464847564697, 0.9501380920410156, 0.8923275470733643, 0.8853622674942017, 0.9107784628868103, 0.9149921536445618, 0.8795740604400635, 0.8996438980102539, 0.9135764241218567, 0.9609304070472717, 0.9063630700111389, 0.9202278256416321, 0.91396164894104, 0.918940007686615, 0.9233161211013794, 0.9431315660476685, 0.9498134255409241, 0.9455429911613464, 0.9136167168617249, 0.9190142154693604, 0.9333440065383911, 0.9418558478355408, 0.9342167377471924, 0.9308062791824341, 0.9157243371009827, 0.9622174501419067, 0.9526074528694153, 0.9511014223098755, 0.9708250761032104, 0.9267897009849548, 0.9217209219932556, 0.9254166483879089, 0.9460327625274658, 0.9180825352668762, 0.9424698948860168, 0.9435837864875793, 0.9575299024581909, 0.991751492023468, 0.9367350339889526, 0.9293569922447205, 0.9969100952148438, 0.943536639213562, 0.932114839553833, 0.9224687218666077, 0.9175735116004944, 0.926288902759552, 0.9782312512397766, 0.9302380084991455, 0.9834262132644653, 0.9176116585731506, 0.9596065878868103, 1.0000534057617188, 0.9238852262496948, 0.9444050192832947, 0.9107493162155151, 0.9465075731277466, 0.9133224487304688, 0.953644871711731, 0.9407183527946472, 1.0148636102676392, 0.9529206156730652, 1.0053173303604126, 0.9594836831092834, 0.9420605897903442, 0.931900680065155, 0.9723533987998962, 0.9268505573272705, 0.9405339360237122, 0.9542962312698364, 0.951897919178009, 0.9180843830108643, 0.9399258494377136, 0.9618181586265564, 0.9584868550300598, 0.9892960786819458, 0.9816168546676636, 0.973311722278595, 0.9272894263267517, 1.0230125188827515, 0.9368172883987427, 0.9418941140174866, 0.9722620844841003, 0.9282181262969971, 0.9861449003219604, 0.9331232905387878, 0.9486674070358276, 0.9828903675079346, 1.0635725259780884, 0.9513652920722961, 0.9206469058990479, 1.0016567707061768, 0.9797744750976562, 0.9811123609542847, 0.9372745156288147, 0.9746925830841064, 0.9709441065788269, 0.9676315784454346, 1.0263173580169678, 0.9538677334785461, 1.0073072910308838, 0.9684949517250061, 0.952434778213501, 0.9652960896492004, 0.9830018281936646, 0.9949290156364441, 1.00733482837677, 0.9706886410713196, 1.0113632678985596, 0.9355425238609314, 0.95973140001297, 0.962897002696991, 0.9638195037841797, 0.9990736842155457, 0.9591622948646545, 0.9783352017402649, 0.9789564609527588, 0.9259341359138489, 0.9871581196784973, 0.9368149638175964, 0.9548674821853638, 0.9788025617599487, 0.9639778137207031, 0.9908803105354309, 0.9726431369781494, 1.0129988193511963, 0.9711434245109558, 0.9937573671340942, 0.985077440738678, 0.9490832090377808, 1.0092021226882935, 0.9542787671089172, 0.9923064112663269, 1.000836968421936, 0.9725029468536377, 0.9588329792022705, 0.9610072374343872, 0.9791010618209839, 1.0060718059539795, 0.9747247695922852, 0.9757077097892761, 1.016339898109436, 0.9857102632522583, 1.0104362964630127, 1.0202056169509888], 'loss_test': [0.8613589406013489]}, 'rel_err': {'rel_err_train': [1.0349082931494102, 1.0065352679827275, 0.9796974162260691, 0.9522936359429971, 0.9258386958868076, 0.897260776697061, 0.8682659742159721, 0.8401191578461573, 0.8127711254816788, 0.7863128788960285, 0.7620873267834003, 0.7393959477925912, 0.7191653358630645, 0.699587575900249, 0.6831575188881311, 0.6676538395575988, 0.6556265606329992, 0.6445627785645999, 0.6348989781660911, 0.6278363328713638, 0.6204865914888871, 0.6144346671226697, 0.607241595402742, 0.6024992511822627, 0.5993692836700342, 0.596048626380089, 0.5966030447146832, 0.5942628933833196, 0.5913736602434745, 0.5946356635063123, 0.5920990396004456, 0.596461744644703, 0.5924496413805546, 0.5892292161782583, 0.5925589368129388, 0.5905399356897061, 0.5933240885153795, 0.595788876597698, 0.6018332128341382, 0.5976895625010515, 0.5966183485893103, 0.5997264923957678, 0.6033541074930093, 0.598807155321806, 0.6018480307016617, 0.6030270396134793, 0.604856903736408, 0.6077061612636615, 0.6051607330640157, 0.6018458986893679, 0.6022015787087954, 0.609749727906325, 0.6073882988630197, 0.6083788902331622, 0.6087506608321116, 0.6075086498107666, 0.6088446363424643, 0.605896729689378, 0.6043607944097275, 0.6136274975843918, 0.6034359916662558, 0.6056162993877362, 0.6103672671776551, 0.6056090727066382, 0.6033219087582368, 0.6042926124273202, 0.6053009140185821, 0.6074080631518975, 0.6017008591920902, 0.6193962624439826, 0.6032426643830079, 0.6012174934148788, 0.6019859543213477, 0.6031730029827509, 0.6023159955556576, 0.6035743749294525, 0.6039207298786212, 0.5939234842856725, 0.5980396538208692, 0.6011277253811176, 0.5997390338243582, 0.592110813046113, 0.5939966585391607, 0.5900402332727726, 0.5948032282101803, 0.5873197458493404, 0.5927492487124908, 0.5885583532926364, 0.5766344104821866, 0.5866645119893246, 0.5855358296479934, 0.5710269396121685, 0.5799376177482116, 0.5724785113945986, 0.5752321684207672, 0.570812634168527, 0.5740314569228735, 0.5704742826712437, 0.5711274773646624, 0.5715867449075748, 0.5557257269437497, 0.5680008415992444, 0.5606997009271231, 0.5665673942137988, 0.5719922769528168, 0.564818398692669, 0.5655439484577912, 0.5623679730372552, 0.5597450924225342, 0.5613216215219253, 0.560563617409804, 0.5583041386726575, 0.5516487233913862, 0.5485121252445074, 0.5499580036371182, 0.543502539778367, 0.5501948117445676, 0.5525065297499682, 0.5393131436445774, 0.5434023852531726, 0.5455319090531423, 0.5252521935945902, 0.542517853470949, 0.5327128011446732, 0.5403798971420679, 0.5223386662128644, 0.5369816579115696, 0.5305262548037064, 0.5329649230608573, 0.5243469224526331, 0.5384196875951229, 0.5258312752613654, 0.5251182363583491, 0.520637564552136, 0.5172959313942835, 0.5076255114414753, 0.5119176812660999, 0.5163767612897433, 0.5102462153404187, 0.5030487523629115, 0.4993633184677515, 0.5223073179905231, 0.5190622187577761, 0.5118433569486325, 0.5084917411590234, 0.5120788323573577, 0.5085067248497254, 0.48977147195583737, 0.50254553097945, 0.48213544411536974, 0.5075525033932465, 0.5034866210741874, 0.4885233338826742, 0.5079423227371314, 0.5003807693719864, 0.4962231574150232, 0.49598265840457034, 0.4912077604960173, 0.4939053845711244, 0.49122415291957366, 0.49818626733926624, 0.4880746679428296, 0.4843685114995027, 0.49279467570476043, 0.48688353254244876, 0.4806362230044145, 0.48107776504296523, 0.48348696759113896, 0.4896470636893541, 0.48113245688951933, 0.4886773820870962, 0.4842335302860309, 0.48208850392928493, 0.47134256019042087, 0.47229130260455304, 0.4721218236745932, 0.48024134528942597, 0.48628705969223607, 0.4702064853448134, 0.47049963359649366, 0.47764807041638935, 0.4765462573522177, 0.469221205283434, 0.477516648096916, 0.4755210551695946, 0.4652291116042015, 0.4761633479442352, 0.4658397795298161, 0.4690931825301586, 0.4651861752455051, 0.45273477450395244, 0.4750382346220506, 0.46746260061478, 0.47017447344767743, 0.4737342691574341, 0.472750261808053, 0.4608531368848605, 0.46204186288210064, 0.4624382421756402, 0.44937591866040844, 0.4506631042712774, 0.47011499603589374, 0.45999058546164096, 0.4622312258833494, 0.4622378326379336, 0.4617387405954875, 0.4627549911920841, 0.46181087788098896, 0.4479989271897536, 0.461369752119749, 0.448345415867292, 0.4578007106215526, 0.4550204850160159, 0.4543454436919628, 0.4477721510025171, 0.4396994988887738, 0.4492171815572641, 0.44152908886854464, 0.4567690300635802, 0.44366998225450516, 0.4468497536503352, 0.4482266725255893, 0.45181814027138245, 0.4454517815357599, 0.44658549244587237, 0.4503914645084968, 0.45387241549980945, 0.4387108714152605, 0.45079526133262193, 0.43371228109567594, 0.4456713522473971, 0.4267458350230486, 0.43543922671904933, 0.4471412908572417, 0.437630553658192, 0.4374699531457363, 0.440056548286707, 0.4457183329340739, 0.4276469325025876, 0.4301037257298445, 0.4385165973351552, 0.4378066924520028, 0.4323808833574637, 0.44668322247572434, 0.43072895342722917, 0.43314659614593554, 0.4386723878291937, 0.4296832692164641, 0.4249032963162813, 0.4342256480684647, 0.4388502989059839, 0.43318088639241, 0.4255784388918143, 0.4261169978059255, 0.4227553999576813, 0.42272019615540135, 0.43373318838003355, 0.41132963238618314, 0.4235198507324243, 0.42184661882810104, 0.42960149087967014, 0.4304578573657916, 0.41171653530536556, 0.429363852701126, 0.4139217636906184, 0.42965595787152266, 0.42240692598697466, 0.42092085706117827, 0.4209873779461934, 0.42225236483873463, 0.42875038660489595, 0.41802130066431487, 0.4094033900361795, 0.4208398020038238, 0.4166268593607805, 0.418121711565898, 0.42096780336056, 0.4187941767084293, 0.3997401982927934, 0.41061150817534864, 0.4152510351477525, 0.41551029147245944, 0.41701217798086315, 0.41906154232147413, 0.4123035077101145, 0.41733434337836045, 0.41886225438270813, 0.4119740352034569, 0.42040230391117245, 0.41543565690517426, 0.4034571607525532, 0.417623007335724, 0.3948192825684181, 0.3964790678941287, 0.40163788982690907, 0.4205512759777216, 0.39971400109621197, 0.41040849953125685, 0.3911699530405876, 0.4058132259509502, 0.4152533352757112, 0.41397941074310207, 0.41152855925835097, 0.3936655038060286, 0.41163513217216885, 0.38886378208796185, 0.40698682956206494, 0.40737685007162583, 0.40429747391205567, 0.41333224299626475, 0.39680946522798294, 0.392420846873369, 0.3961547708664185, 0.38483479638130236, 0.4027394528190295, 0.3928503835430512, 0.39001942521486527, 0.39586988932047135, 0.3830681105072682, 0.4052496926906781, 0.39948826245008373, 0.3902168720960617, 0.3967948659108235, 0.38565294692913693, 0.3812086616571133, 0.39907788790953463, 0.4088368583948184, 0.3898361067359264, 0.39441075710914075, 0.4090576397302823, 0.3861009002878116, 0.3927023561719136, 0.3806458354378358, 0.3966523147164247, 0.38870060673126805, 0.38684640480921817, 0.3903299367580658, 0.37298910854718625, 0.38927565935330516, 0.38715724379588395, 0.37148303232896024, 0.3812424613115115, 0.3855006035703879, 0.3959086155280089, 0.3790066788593928, 0.3824201736312646, 0.38616325152225983, 0.3923778677215943, 0.37959042076881117, 0.3893996494320723, 0.38320814550687105, 0.3786699179655466, 0.37578340677114636, 0.39762239425610274, 0.3850417884114461, 0.3835947683606392, 0.38564331905964094, 0.3828374168429619, 0.3754767083968872, 0.3942653273160641, 0.37312343888557875, 0.38533483120875484, 0.37475284934043884, 0.3767844150081659, 0.3697798456519078, 0.37824875097244215, 0.3848955289293558, 0.37202970148661196, 0.38524115773347706, 0.37159796288380254, 0.36726352935418105, 0.36932619985861653, 0.3761135647312189, 0.3738600955559657, 0.37487721863465434, 0.38347669385182553, 0.3788183356324832, 0.3635837355485329, 0.3703681998527967, 0.36128803533621323, 0.3675848616239352, 0.3693059803201602, 0.3652463647035452, 0.38239416289023864, 0.3731383843681751, 0.3641120902238748, 0.353160597766057, 0.36710644284119975, 0.36721223248885226, 0.36031120996444654, 0.37925688521220136, 0.3811548199409094, 0.37236498563717574, 0.3474887622854648, 0.3662023337987753, 0.36160299029105747, 0.3502823572892409, 0.3610485593477885, 0.3785386461860094, 0.3729990034913405, 0.36106745172769594, 0.3594279510852618, 0.3616489351559908, 0.3573318246083382, 0.3674808089167644, 0.37324557434289884, 0.3623436188850647, 0.3576902302029805, 0.3579302556239642, 0.3533612806827594, 0.34356295871428955, 0.36255217706545806, 0.3668340662351021, 0.35105342933764827, 0.3585076899482654, 0.3586700644630652, 0.35748180957176745, 0.35054569729627705, 0.3445992009379925, 0.3713227550570781, 0.3648781575835668, 0.3586554808112291, 0.34945561870550496, 0.35867436879720443, 0.3547720458263006, 0.36392494825980604, 0.34170384303881574, 0.3416811623252355, 0.3550093678327707, 0.35129692309942, 0.36107069712418777, 0.3612589752062773, 0.3599295350603568, 0.36324183604656124, 0.3538346439599991, 0.3619496084940739, 0.3523628314336141, 0.3542344868183136, 0.34428292207228833, 0.3545214384794235, 0.354007808634868, 0.3556223832643949, 0.35130895788852984, 0.3440434269798108, 0.36128848294417065, 0.3497206952709418, 0.3453501718930709, 0.34375542535995823, 0.3446144794042294, 0.34926321185552156, 0.35816653550435334, 0.35804831981658936, 0.34719174049603635, 0.3579888777473034, 0.34941876106537306, 0.35069233389236987, 0.3429273173977167, 0.33145982867632157, 0.3444031717685553, 0.34205861427845097, 0.35931268964822477, 0.34648714634852534, 0.3423529796493359, 0.34060485049700123, 0.3498292578718601, 0.3443252906585351, 0.35651345283557206, 0.34927534407530075, 0.3480731050173442, 0.34677567543127596, 0.34318957153039104, 0.3426622295608887, 0.3422581066305821, 0.34532759816218644, 0.3402442001761534, 0.35724795991793656, 0.35445398971056324, 0.3326154332130383, 0.3312059835745738, 0.33632975415541577, 0.3272330025449777, 0.33329660636492264, 0.3439494577737955, 0.3255532009479327, 0.3477517903233186, 0.3501224131920399, 0.34404825209042966, 0.33766156072035813, 0.3276569182292009, 0.3347637294194637, 0.32245140427198166, 0.34546198695898056, 0.33024514256379545, 0.3416474639223172, 0.3393667384217947, 0.32948691302385086, 0.3339918475502577, 0.34155863294234645, 0.3280206229060124, 0.33941180813006866], 'rel_err_eval': [1.0178265571594238, 0.9838301539421082, 0.9554998874664307, 0.9260503053665161, 0.9030690789222717, 0.8712807893753052, 0.8413118720054626, 0.81647789478302, 0.789918839931488, 0.7507774829864502, 0.7346192002296448, 0.7109956741333008, 0.6832583546638489, 0.6670346856117249, 0.6499335765838623, 0.6291216611862183, 0.619613528251648, 0.6078117489814758, 0.5949887037277222, 0.5881882905960083, 0.5856550931930542, 0.5745472311973572, 0.5657344460487366, 0.5622983574867249, 0.5547513365745544, 0.5511881709098816, 0.5465219020843506, 0.5495688319206238, 0.5454888939857483, 0.5425490140914917, 0.5467626452445984, 0.5450208783149719, 0.5344802737236023, 0.5353959202766418, 0.5353665351867676, 0.5330541729927063, 0.5380249619483948, 0.5422413945198059, 0.5416291952133179, 0.5353281497955322, 0.5341160893440247, 0.5417889356613159, 0.5434873104095459, 0.5472412109375, 0.5345587134361267, 0.5528397560119629, 0.5456275939941406, 0.5332247018814087, 0.5396174192428589, 0.5451434254646301, 0.5487979054450989, 0.5462402105331421, 0.5525978207588196, 0.5577259659767151, 0.5753253102302551, 0.5688216090202332, 0.5419912934303284, 0.5296199321746826, 0.5465832948684692, 0.540061891078949, 0.544884979724884, 0.5409436225891113, 0.5544291138648987, 0.5298987627029419, 0.5564585328102112, 0.5362370610237122, 0.5475444793701172, 0.5362610816955566, 0.546114444732666, 0.5164263844490051, 0.5401162505149841, 0.5494788289070129, 0.5279542207717896, 0.5701318383216858, 0.5275018811225891, 0.5019693970680237, 0.5492857694625854, 0.539099395275116, 0.5440738797187805, 0.5009899139404297, 0.5352974534034729, 0.5290167927742004, 0.5326746702194214, 0.5147900581359863, 0.5102128982543945, 0.5415804982185364, 0.5167670249938965, 0.49401965737342834, 0.5127795338630676, 0.5142241716384888, 0.5094994902610779, 0.5059064626693726, 0.4842568635940552, 0.5198171734809875, 0.5296115875244141, 0.5119043588638306, 0.5358989834785461, 0.4919983148574829, 0.5023921132087708, 0.47976213693618774, 0.5294378399848938, 0.4917197823524475, 0.47968238592147827, 0.4442385733127594, 0.528372585773468, 0.4981796443462372, 0.4809991419315338, 0.5145961046218872, 0.49547868967056274, 0.4792932868003845, 0.46695104241371155, 0.5015197992324829, 0.4759734570980072, 0.47049427032470703, 0.48102009296417236, 0.46871423721313477, 0.49217739701271057, 0.5350418090820312, 0.4915328025817871, 0.4626045227050781, 0.4999330937862396, 0.49158233404159546, 0.5007972121238708, 0.4848129451274872, 0.5394015908241272, 0.48181861639022827, 0.46419402956962585, 0.5094186067581177, 0.4860312044620514, 0.44489580392837524, 0.4628201127052307, 0.4530836343765259, 0.48583412170410156, 0.48363181948661804, 0.464592844247818, 0.47311508655548096, 0.4639958441257477, 0.4655931890010834, 0.4601556062698364, 0.43226388096809387, 0.4193941056728363, 0.4330046474933624, 0.47866979241371155, 0.4580816626548767, 0.4548215866088867, 0.4361942708492279, 0.45259565114974976, 0.45084550976753235, 0.47068342566490173, 0.45852130651474, 0.44147753715515137, 0.426615446805954, 0.4797314703464508, 0.44627195596694946, 0.43038973212242126, 0.427847295999527, 0.4410405457019806, 0.419396311044693, 0.4492594301700592, 0.4136448800563812, 0.4550480246543884, 0.45083609223365784, 0.4404759407043457, 0.42599886655807495, 0.453740656375885, 0.4468197226524353, 0.4312683045864105, 0.4539531171321869, 0.43419545888900757, 0.4353484809398651, 0.4119502305984497, 0.4515469968318939, 0.4324275553226471, 0.4526762366294861, 0.44388347864151, 0.42874738574028015, 0.4435640871524811, 0.47077640891075134, 0.4123920500278473, 0.4339260458946228, 0.43816375732421875, 0.4499519169330597, 0.4198920428752899, 0.4503394663333893, 0.43775099515914917, 0.42160364985466003, 0.4635811448097229, 0.4201543629169464, 0.4363175928592682, 0.45900970697402954, 0.4111067056655884, 0.4197498857975006, 0.41192007064819336, 0.4544542133808136, 0.4395049810409546, 0.4720146954059601, 0.43832555413246155, 0.4127565920352936, 0.4254765510559082, 0.43109482526779175, 0.427815318107605, 0.45857420563697815, 0.4392147958278656, 0.4334312677383423, 0.4486490488052368, 0.41875216364860535, 0.4536048173904419, 0.461957722902298, 0.4396599233150482, 0.42083513736724854, 0.4674299657344818, 0.4487955868244171, 0.416066974401474, 0.44084930419921875, 0.4582241475582123, 0.4245896339416504, 0.4274340569972992, 0.41121363639831543, 0.4159039556980133, 0.4545119106769562, 0.4330980181694031, 0.4785674512386322, 0.44548025727272034, 0.5035900473594666, 0.41801413893699646, 0.4845084547996521, 0.4488605856895447, 0.43067464232444763, 0.45336103439331055, 0.4669649302959442, 0.4572037160396576, 0.4477989375591278, 0.4294957220554352, 0.47782835364341736, 0.449577659368515, 0.43347635865211487, 0.4517354369163513, 0.42413148283958435, 0.40665024518966675, 0.45222678780555725, 0.4340677559375763, 0.44792187213897705, 0.4297288656234741, 0.42776843905448914, 0.4600110650062561, 0.4349341094493866, 0.4425438940525055, 0.4416860044002533, 0.4637453258037567, 0.41717255115509033, 0.44641509652137756, 0.4635750353336334, 0.43129831552505493, 0.43119364976882935, 0.4266957938671112, 0.4720131456851959, 0.39929401874542236, 0.4358029365539551, 0.44221076369285583, 0.43340182304382324, 0.42353489995002747, 0.4343887269496918, 0.46291765570640564, 0.47843387722969055, 0.4538845121860504, 0.4502069056034088, 0.4447874426841736, 0.44502559304237366, 0.4243112802505493, 0.4372009336948395, 0.4144892990589142, 0.439648300409317, 0.45987027883529663, 0.4308672249317169, 0.4483691453933716, 0.4548061788082123, 0.4308689534664154, 0.4536644518375397, 0.4209490716457367, 0.42985135316848755, 0.4400870203971863, 0.4950062930583954, 0.4573780596256256, 0.4639241397380829, 0.46626606583595276, 0.49344778060913086, 0.45645228028297424, 0.45610252022743225, 0.46445709466934204, 0.4605244994163513, 0.4442211091518402, 0.4718104600906372, 0.4454951882362366, 0.46032610535621643, 0.4446398913860321, 0.4718843996524811, 0.464437872171402, 0.4517078995704651, 0.45122411847114563, 0.46452829241752625, 0.47622695565223694, 0.4640273451805115, 0.4820002019405365, 0.4711144268512726, 0.46992912888526917, 0.42978671193122864, 0.4885384738445282, 0.4534042775630951, 0.46923160552978516, 0.46672335267066956, 0.4556198716163635, 0.4778415858745575, 0.46769824624061584, 0.4653867185115814, 0.4559648334980011, 0.45323362946510315, 0.45036211609840393, 0.47123295068740845, 0.4589984118938446, 0.4408062696456909, 0.47782739996910095, 0.4685574173927307, 0.4313642084598541, 0.4289920926094055, 0.5017372369766235, 0.44424593448638916, 0.45311567187309265, 0.43351542949676514, 0.4457947909832001, 0.44892221689224243, 0.4536811411380768, 0.46997272968292236, 0.4555264711380005, 0.4580742418766022, 0.4849206507205963, 0.4846950173377991, 0.4740414619445801, 0.4656117856502533, 0.4505217969417572, 0.4787063002586365, 0.4483625590801239, 0.5076596736907959, 0.4513460397720337, 0.4608575403690338, 0.4361185133457184, 0.46345001459121704, 0.4906018078327179, 0.48691216111183167, 0.4774576723575592, 0.4371889531612396, 0.47700873017311096, 0.4617041051387787, 0.4499145746231079, 0.4566343128681183, 0.4506852924823761, 0.48515284061431885, 0.4770323932170868, 0.4930152893066406, 0.43780964612960815, 0.4757418632507324, 0.5018354058265686, 0.4759506285190582, 0.46590131521224976, 0.46535158157348633, 0.458328515291214, 0.4235176146030426, 0.46031370759010315, 0.4614100456237793, 0.48001348972320557, 0.4733571410179138, 0.46245041489601135, 0.43839454650878906, 0.4903668463230133, 0.43748947978019714, 0.4619084894657135, 0.46451106667518616, 0.453862726688385, 0.45829281210899353, 0.4830611050128937, 0.4432285726070404, 0.4796425402164459, 0.4741767346858978, 0.4629466235637665, 0.4711889326572418, 0.4661594033241272, 0.47467300295829773, 0.4735858142375946, 0.48962947726249695, 0.4749411642551422, 0.4686267077922821, 0.49211397767066956, 0.5052517652511597, 0.4641071557998657, 0.45096009969711304, 0.48154667019844055, 0.44527667760849, 0.4760644733905792, 0.4463441073894501, 0.45715099573135376, 0.4723193347454071, 0.47856035828590393, 0.4691859483718872, 0.504970371723175, 0.5064026713371277, 0.48461490869522095, 0.4699871838092804, 0.4827556014060974, 0.4831150472164154, 0.4929950535297394, 0.4577186405658722, 0.45414766669273376, 0.4790246784687042, 0.4953414499759674, 0.48678794503211975, 0.5198090076446533, 0.4973997175693512, 0.46127453446388245, 0.4871200621128082, 0.4584750533103943, 0.44301095604896545, 0.46294158697128296, 0.49958717823028564, 0.49677181243896484, 0.45345449447631836, 0.454607754945755, 0.5143625140190125, 0.44459739327430725, 0.49205854535102844, 0.4941953122615814, 0.4599793255329132, 0.4557565748691559, 0.47650855779647827, 0.4922504425048828, 0.48724672198295593, 0.45903074741363525, 0.4600432813167572, 0.4915551245212555, 0.5267890691757202, 0.4816497266292572, 0.4854036867618561, 0.4930455982685089, 0.5038110017776489, 0.4768622815608978, 0.48176321387290955, 0.4698484241962433, 0.47900813817977905, 0.49169138073921204, 0.47483375668525696, 0.4510747194290161, 0.4813581705093384, 0.47720780968666077, 0.4664596915245056, 0.49606576561927795, 0.4829692840576172, 0.48367276787757874, 0.5373098254203796, 0.4757937490940094, 0.48201003670692444, 0.5116391181945801, 0.4761172831058502, 0.5074153542518616, 0.501188337802887, 0.4800836741924286, 0.4702730178833008, 0.48565980792045593, 0.5041940808296204, 0.4656236469745636, 0.47587886452674866, 0.4507748782634735, 0.5003405809402466, 0.5051716566085815, 0.4666977524757385, 0.47883686423301697, 0.506644606590271, 0.5013261437416077, 0.4731330871582031, 0.5366244912147522, 0.47581809759140015, 0.47578445076942444, 0.484456330537796, 0.44863075017929077, 0.4718078672885895, 0.4780105650424957, 0.4732154309749603, 0.5096803307533264, 0.47795382142066956, 0.4885784387588501, 0.4599958658218384, 0.4648338556289673, 0.49048176407814026, 0.4771857261657715, 0.47263267636299133, 0.4476330578327179, 0.4819311201572418, 0.5140885710716248, 0.4678727686405182, 0.5247301459312439, 0.4755447208881378, 0.5127232074737549, 0.4715716540813446], 'rel_err_test': [0.43574491143226624]}}